    12     1
    HRRR    22     7    20     0     1
    HRRR    22     7    20     6     1
    HRRR    22     7    20    12     1
    HRRR    22     7    20    18     1
    HRRR    22     7    21     0     1
    HRRR    22     7    21     6     1
    HRRR    22     7    21    12     1
    HRRR    22     7    21    18     1
    HRRR    22     7    22     0     1
    HRRR    22     7    22     6     1
    HRRR    22     7    22    12     1
    HRRR    22     7    22    18     1
     1 BACKWARD OMEGA   
    22     7    22    21   33.504 -112.096     0.5
     8 PRESSURE THETA    AIR_TEMP RAINFALL MIXDEPTH RELHUMID TERR_MSL SUN_FLUX
     1     1    22     7    22    21     0     1     0.0   33.504 -112.096   1099.0    856.2    316.8    303.1      0.0   2198.0     28.8    344.2    930.8
     1     1    22     7    22    20     0     1    -1.0   33.445 -112.179   1153.8    854.4    316.2    302.3      0.0   2145.5     30.5    317.5    982.0
     1     1    22     7    22    19     0     1    -2.0   33.381 -112.253   1282.3    844.9    315.5    300.6      0.0   1923.0     33.7    299.1    979.0
     1     1    22     7    22    18     0     1    -3.0   33.325 -112.327   1288.8    821.6    315.7    298.5      0.0   1372.2     34.5    537.1    909.0
     1     1    22     7    22    17     0     1    -4.0   33.296 -112.446   1460.4    826.4    316.1    299.3      0.0    850.9     26.9    317.2    792.7
     1     1    22     7    22    16     0     1    -5.0   33.256 -112.602   1630.1    812.3    317.1    298.8      0.0    494.8     28.5    292.7    557.5
     1     1    22     7    22    15     0     1    -6.0   33.193 -112.720   1556.6    825.6    316.7    299.8      0.0    417.2     25.7    228.1    362.0
     1     1    22     7    22    14     0     1    -7.0   33.161 -112.837   1587.4    807.0    317.2    298.3      0.0    255.1     27.6    380.3    104.6
     1     1    22     7    22    13     0     1    -8.0   33.164 -112.953   1503.7    819.0    317.2    299.6      0.0    156.2     27.1    332.7     20.4
     1     1    22     7    22    12     0     1    -9.0   33.166 -113.048   1368.2    840.4    317.4    302.0      0.0    142.5     22.7    222.8      0.0
     1     1    22     7    22    11     0     1   -10.0   33.149 -113.140   1183.9    858.5    317.4    303.9      0.0    110.5     21.5    236.5      0.0
     1     1    22     7    22    10     0     1   -11.0   33.124 -113.227   1126.5    861.3    317.1    303.8      0.0     93.9     24.0    256.7      0.0
     1     1    22     7    22     9     0     1   -12.0   33.105 -113.330   1163.7    862.0    316.7    303.5      0.0     80.4     26.6    211.2      0.0
     1     1    22     7    22     8     0     1   -13.0   33.113 -113.436   1201.5    857.0    316.8    303.1      0.0    155.4     25.9    229.9      0.0
     1     1    22     7    22     7     0     1   -14.0   33.137 -113.526   1223.7    851.2    316.7    302.5      0.0    143.2     28.3    268.5      0.0
     1     1    22     7    22     6     0     1   -15.0   33.184 -113.585   1042.1    862.6    317.1    303.9      0.0    171.7     24.2    329.0      0.0
     1     1    22     7    22     5     0     1   -16.0   33.261 -113.711    955.8    860.2    317.2    303.8      0.0    334.6     25.8    455.0      0.0
     1     1    22     7    22     4     0     1   -17.0   33.370 -113.857    980.9    833.0    318.1    301.9      0.0    576.0     22.2    703.2      0.0
     1     1    22     7    22     3     0     1   -18.0   33.487 -114.028   1171.0    828.6    316.8    300.2      0.0   1209.2     31.9    563.9      0.0
     1     1    22     7    22     2     0     1   -19.0   33.491 -114.220   1130.4    852.8    316.0    301.9      0.0   1680.5     35.0    355.2     83.7
     1     1    22     7    22     1     0     1   -20.0   33.438 -114.392    986.4    864.4    315.8    302.9      0.0   1684.0     34.6    368.3    284.2
     1     1    22     7    22     0     0     1   -21.0   33.362 -114.536   1062.9    866.3    315.5    302.8      0.0   1722.1     33.1    280.9    497.2
     1     1    22     7    21    23     0     1   -22.0   33.291 -114.670   1227.1    871.4    315.3    303.1      0.0   2004.0     31.8     69.4    678.0
     1     1    22     7    21    22     0     1   -23.0   33.247 -114.793   1268.9    858.0    314.9    301.4      0.0   1799.3     33.3    173.8    836.2
     1     1    22     7    21    21     0     1   -24.0   33.226 -114.898   1417.1    834.7    314.6    298.8      0.0   1559.4     36.9    269.3    946.6